[292.JPG]
filters=autocolor=1;fill=1,0.214953;Orton=1,25.000000,50.000000,0.000000;dir_tint=1,0.500000,0.500000,0.250000,0.250000,ffffffff,0;
moddate=49d217672503d301
width=300
height=200
textactive=0
